#Stops
1;#Corner1;[654.0,505.81];
2;#Corner2;[929.82,775.27];
3;#Corner3;[991.35,479.49];
4;#Corner4;[970.14,115.41];
5;#Corner5;[680.78,80.39];
6;#Corner6;[802.72,95.15];
7;#Corner7;[831.41,210.87];
8;#Corner8;[714.1,241.23];
9;#Corner9;[617.49,210.87];
10;#Corner10;[513.98,362.68];
11;#Corner11;[414.61,20.41];
12;#Corner12;[297.3,210.87];
13;#Corner13;[436.7,687.01];
14;#Corner14;[762.21,386.99];
15;#Corner15;[53.02,129.44];
16;#Corner16;[289.02,543.48];
17;#Corner17;[29.56,532.44];
18;#Corner18;[18.52,903.69];
19;#Corner19;[280.78,980.39];
20;#Corner20;[658.9,960.27];
21;#Corner21;[653.38,775.34];
22;#Corner22;[280.78,780.39];
23;#Corner23;[167.57,782.24];
24;#Corner24;[151.49,537.62];
25;#Corner25;[146.87,379.24];
26;#Corner26;[369.91,92.98];
27;#Corner27;[264.18,30.07];
28;#Corner28;[840.1,775.29];
29;#Corner29;[838.59,974.71];
30;#Corner30;[853.67,407.17];
31;#Corner31;[800.09,648.53];
32;#Corner32;[936.3,532.44];
33;#Corner33;[280.78,865.04];
34;#Corner34;[166.19,867.81];
35;Stop35;[148.34,429.63];
36;Stop36;[24.93,688.16];
37;Stop37;[234.45,781.14];
38;Stop38;[405.56,973.75];
39;Stop39;[655.22,837.07];
40;Stop40;[502.55,713.86];
41;Stop41;[583.19,564.86];
42;Stop42;[839.18,896.84];
43;Stop43;[864.77,711.72];
44;Stop44;[965.03,606.01];
45;Stop45;[983.83,350.36];
46;Stop46;[860.2,102.11];
47;Stop47;[518.26,43.76];
48;Stop48;[564.5,288.59];
49;Stop49;[840.95,294.97];
50;Stop50;[603.24,453.92];
51;Stop51;[421.86,298.13];
52;Stop52;[199.07,178.12];
53;Stop53;[292.16,417.5];
54;Stop54;[366.68,618.96];
55;Stop55;[727.57,425.03];
56;Stop56;[113.4,931.44];
#Street
1;Street1;[280.78,980.39][658.9,960.27];[1];
2;Street2;[658.9,960.27][653.38,775.34];[1];
3;Street3;[929.82,775.27][653.38,775.34];[1];
4;Street4;[838.59,974.71][840.1,775.29];[42];
5;Street5;[929.82,775.27][991.35,480.35];[44];
6;Street6;[970.14,115.41][991.35,480.35];[45];
7;Street7;[970.14,115.41][680.78,80.39];[46];
8;Street8;[414.61,20.41][680.78,80.39];[47];
9;Street9;[414.61,20.41][297.3,210.87];;
10;Street10;[289.02,543.48][297.3,210.87];[1];
11;Street11;[289.02,543.48][29.56,532.44];[1];
12;Street12;[18.52,903.69][29.56,532.44];[36];
13;Street13;[18.52,903.69][280.78,980.39];[1];
14;Street14;[297.30,210.87][513.98,362.68];[51];
15;Street15;[617.49,210.87][513.98,362.68];[48];
16;Street16;[617.49,210.87][714.10,241.23];[1];
17;Street17;[831.41,210.87][714.10,241.23];[1];
18;Street18;[831.41,210.87][853.67,408.03];[49];
19;Street19;[991.35,480.35][853.67,408.03];[1];
20;Street20;[617.49,210.87][680.78,80.39];[1];
21;Street21;[831.41,210.87][802.72,95.15];[1];
22;Street22;[289.02,543.48][436.7,687.01];[54];
23;Street23;[654.0,505.81][436.7,687.01];[41];
24;Street24;[654.0,505.81][513.98,362.68];[1];
25;Street25;[654.0,505.81][762.21,386.99];[1];
26;Street26;[654.0,505.81][929.82,775.27];[43];
27;Street27;[800.09,648.53][936.30,532.44];[1];
28;Street28;[297.30,210.87][53.02,129.44];[52];
29;Street29;[369.91,92.98][264.18,30.07];;
30;Street30;[436.7,687.01][653.38,775.34];[40];
31;Street31;[146.87,379.24][151.49,537.62];[35];
32;Street32;[280.78,980.39][280.78,780.39][167.57,782.24][166.19,867.81][280.78,865.04];[37];
#Lines
1;Linka1;[00,00][00,05];[52][12][53][16][24][17][36][18][56][19][33][34][23][37][22][33][19][38][20][39][21][28][2][44][3][45][4][46][6][5][47][11][26][12][52];
#
